0.00001000	0.00370521
0.00002000	0.00371884
0.00003000	0.00373247
0.00004000	0.00374610
0.00005000	0.00272149
0.00006000	0.00162771
0.00007000	0.00084269
0.00008000	0.00025027
0.00009000	0.00021331
0.00010000	0.00058710
0.00011000	0.00089523
0.00012000	0.00115444
0.00013000	0.00137571
0.00014000	0.00074761
0.00015000	0.00042542
0.00016000	0.00014156
0.00017000	0.00011028
0.00018000	0.00033566
0.00019000	0.00053874
0.00020000	0.00072308
0.00021000	0.00089097
0.00022000	0.00042842
0.00023000	0.00022271
0.00024000	0.00003284
0.00025000	0.00014262
0.00026000	0.00030593
0.00027000	0.00045815
0.00028000	0.00060019
0.00029000	0.00073365
0.00030000	0.00085886
0.00031000	0.00006851
0.00032000	0.00007588
0.00033000	0.00021211
0.00034000	0.00034136
0.00035000	0.00046400
0.00036000	0.00058036
0.00037000	0.00069139
0.00038000	0.00079708
0.00039000	0.00089825
0.00040000	0.00018461
0.00041000	0.00029692
0.00042000	0.00040471
0.00043000	0.00050813
0.00044000	0.00060728
0.00045000	0.00070281
0.00046000	0.00079461
0.00047000	0.00088325
0.00048000	0.00096876
0.00049000	0.00038954
0.00050000	0.00048244
0.00051000	0.00057253
0.00052000	0.00065938
0.00053000	0.00074347
0.00054000	0.00082524
0.00055000	0.00090425
0.00056000	0.00098092
0.00057000	0.00105566
0.00058000	0.00056899
0.00059000	0.00064883
0.00060000	0.00072646
0.00061000	0.00080225
0.00062000	0.00087578
0.00063000	0.00094741
0.00064000	0.00101748
0.00065000	0.00108556
0.00066000	0.00066070
0.00067000	0.00073312
0.00068000	0.00080358
0.00069000	0.00087239
0.00070000	0.00093986
0.00071000	0.00100558
0.00072000	0.00106986
0.00073000	0.00113275
0.00074000	0.00119452
0.00075000	0.00082242
0.00076000	0.00088716
0.00077000	0.00095077
0.00078000	0.00101290
0.00079000	0.00107380
0.00080000	0.00113372
0.00081000	0.00119230
0.00082000	0.00124979
0.00083000	0.00130641
0.00084000	0.00097572
0.00085000	0.00103469
0.00086000	0.00109278
0.00087000	0.00114967
0.00088000	0.00120557
0.00089000	0.00126053
0.00090000	0.00131474
0.00091000	0.00136789
0.00092000	0.00142018
0.00093000	0.00112305
0.00094000	0.00117741
0.00095000	0.00123091
0.00096000	0.00128375
0.00097000	0.00133561
0.00098000	0.00138670
0.00099000	0.00143718
0.00100000	0.00148662
