0.00001000	-0.00370521
0.00002000	-0.00371884
0.00003000	-0.00373247
0.00004000	-0.00374610
0.00005000	0.00272149
0.00006000	0.00162771
0.00007000	0.00084269
0.00008000	0.00025027
0.00009000	-0.00021331
0.00010000	-0.00058710
0.00011000	-0.00089523
0.00012000	-0.00115444
0.00013000	-0.00137571
0.00014000	0.00074761
0.00015000	0.00042542
0.00016000	0.00014156
0.00017000	-0.00011028
0.00018000	-0.00033566
0.00019000	-0.00053874
0.00020000	-0.00072308
0.00021000	-0.00089097
0.00022000	0.00042842
0.00023000	0.00022271
0.00024000	0.00003284
0.00025000	-0.00014262
0.00026000	-0.00030593
0.00027000	-0.00045815
0.00028000	-0.00060019
0.00029000	-0.00073365
0.00030000	-0.00085886
0.00031000	0.00006851
0.00032000	-0.00007588
0.00033000	-0.00021211
0.00034000	-0.00034136
0.00035000	-0.00046400
0.00036000	-0.00058036
0.00037000	-0.00069139
0.00038000	-0.00079708
0.00039000	-0.00089825
0.00040000	-0.00018461
0.00041000	-0.00029692
0.00042000	-0.00040471
0.00043000	-0.00050813
0.00044000	-0.00060728
0.00045000	-0.00070281
0.00046000	-0.00079461
0.00047000	-0.00088325
0.00048000	-0.00096876
0.00049000	-0.00038954
0.00050000	-0.00048244
0.00051000	-0.00057253
0.00052000	-0.00065938
0.00053000	-0.00074347
0.00054000	-0.00082524
0.00055000	-0.00090425
0.00056000	-0.00098092
0.00057000	-0.00105566
0.00058000	-0.00056899
0.00059000	-0.00064883
0.00060000	-0.00072646
0.00061000	-0.00080225
0.00062000	-0.00087578
0.00063000	-0.00094741
0.00064000	-0.00101748
0.00065000	-0.00108556
0.00066000	-0.00066070
0.00067000	-0.00073312
0.00068000	-0.00080358
0.00069000	-0.00087239
0.00070000	-0.00093986
0.00071000	-0.00100558
0.00072000	-0.00106986
0.00073000	-0.00113275
0.00074000	-0.00119452
0.00075000	-0.00082242
0.00076000	-0.00088716
0.00077000	-0.00095077
0.00078000	-0.00101290
0.00079000	-0.00107380
0.00080000	-0.00113372
0.00081000	-0.00119230
0.00082000	-0.00124979
0.00083000	-0.00130641
0.00084000	-0.00097572
0.00085000	-0.00103469
0.00086000	-0.00109278
0.00087000	-0.00114967
0.00088000	-0.00120557
0.00089000	-0.00126053
0.00090000	-0.00131474
0.00091000	-0.00136789
0.00092000	-0.00142018
0.00093000	-0.00112305
0.00094000	-0.00117741
0.00095000	-0.00123091
0.00096000	-0.00128375
0.00097000	-0.00133561
0.00098000	-0.00138670
0.00099000	-0.00143718
0.00100000	-0.00148662
0.00101000	-0.00121450
0.00102000	-0.00126599
0.00103000	-0.00131644
0.00104000	-0.00136648
0.00105000	-0.00141583
0.00106000	-0.00146421
0.00107000	-0.00151224
0.00108000	-0.00155962
0.00109000	-0.00160610
0.00110000	-0.00135736
0.00111000	-0.00140560
0.00112000	-0.00145294
0.00113000	-0.00149996
0.00114000	-0.00154640
0.00115000	-0.00159199
0.00116000	-0.00163730
0.00117000	-0.00168207
0.00118000	-0.00172605
0.00119000	-0.00149715
0.00120000	-0.00154238
0.00121000	-0.00158736
0.00122000	-0.00163182
0.00123000	-0.00167552
0.00124000	-0.00171899
0.00125000	-0.00176199
0.00126000	-0.00180427
0.00127000	-0.00184635
0.00128000	-0.00163449
0.00129000	-0.00167741
0.00130000	-0.00172012
0.00131000	-0.00176239
0.00132000	-0.00180398
0.00133000	-0.00184539
0.00134000	-0.00188638
0.00135000	-0.00192674
0.00136000	-0.00196693
0.00137000	-0.00176989
0.00138000	-0.00181080
0.00139000	-0.00185155
0.00140000	-0.00189192
0.00141000	-0.00193167
0.00142000	-0.00197129
0.00143000	-0.00201054
0.00144000	-0.00204921
0.00145000	-0.00186396
0.00146000	-0.00190348
0.00147000	-0.00194286
0.00148000	-0.00198190
0.00149000	-0.00202038
0.00150000	-0.00205875
0.00151000	-0.00209678
0.00152000	-0.00213429
0.00153000	-0.00217169
0.00154000	-0.00199804
0.00155000	-0.00203599
0.00156000	-0.00207382
0.00157000	-0.00211135
0.00158000	-0.00214837
0.00159000	-0.00218530
0.00160000	-0.00222194
0.00161000	-0.00225810
0.00162000	-0.00229417
0.00163000	-0.00213085
0.00164000	-0.00216740
0.00165000	-0.00220386
0.00166000	-0.00224005
0.00167000	-0.00227577
0.00168000	-0.00231143
0.00169000	-0.00234682
0.00170000	-0.00238177
0.00171000	-0.00241666
0.00172000	-0.00226258
0.00173000	-0.00229788
0.00174000	-0.00233312
0.00175000	-0.00236793
0.00176000	-0.00240268
0.00177000	-0.00243719
0.00178000	-0.00247129
0.00179000	-0.00250533
0.00180000	-0.00235880
0.00181000	-0.00239322
0.00182000	-0.00242758
0.00183000	-0.00246172
0.00184000	-0.00249546
0.00185000	-0.00252916
0.00186000	-0.00256264
0.00187000	-0.00259574
0.00188000	-0.00262880
0.00189000	-0.00248988
0.00190000	-0.00252326
0.00191000	-0.00255661
0.00192000	-0.00258975
0.00193000	-0.00262253
0.00194000	-0.00265527
0.00195000	-0.00268782
0.00196000	-0.00272001
0.00197000	-0.00275202
0.00198000	-0.00262017
0.00199000	-0.00265263
0.00200000	-0.00268490
0.00201000	-0.00271730
0.00202000	-0.00274920
0.00203000	-0.00278092
0.00204000	-0.00281277
0.00205000	-0.00284414
0.00206000	-0.00287533
0.00207000	-0.00274980
0.00208000	-0.00278141
0.00209000	-0.00281285
0.00210000	-0.00284442
0.00211000	-0.00287552
0.00212000	-0.00290645
0.00213000	-0.00293752
0.00214000	-0.00296814
0.00215000	-0.00299859
0.00216000	-0.00287884
0.00217000	-0.00290967
0.00218000	-0.00294035
0.00219000	-0.00297116
0.00220000	-0.00300153
0.00221000	-0.00303175
0.00222000	-0.00306210
0.00223000	-0.00309202
0.00224000	-0.00297681
0.00225000	-0.00300736
0.00226000	-0.00303749
0.00227000	-0.00306747
0.00228000	-0.00309758
0.00229000	-0.00312728
0.00230000	-0.00315683
0.00231000	-0.00318652
0.00232000	-0.00321580
0.00233000	-0.00310555
0.00234000	-0.00313543
0.00235000	-0.00316490
0.00236000	-0.00319424
0.00237000	-0.00322371
0.00238000	-0.00325278
0.00239000	-0.00328173
0.00240000	-0.00331054
0.00241000	-0.00333950
0.00242000	-0.00323384
0.00243000	-0.00326283
0.00244000	-0.00329196
0.00245000	-0.00332070
0.00246000	-0.00334933
0.00247000	-0.00337808
0.00248000	-0.00340646
0.00249000	-0.00343472
0.00250000	-0.00346312
0.00251000	-0.00336172
0.00252000	-0.00339015
0.00253000	-0.00341871
0.00254000	-0.00344690
0.00255000	-0.00347498
0.00256000	-0.00350319
0.00257000	-0.00353105
0.00258000	-0.00355879
0.00259000	-0.00346123
0.00260000	-0.00348924
0.00261000	-0.00351714
0.00262000	-0.00354517
0.00263000	-0.00357285
0.00264000	-0.00360043
0.00265000	-0.00362813
0.00266000	-0.00365550
0.00267000	-0.00368276
0.00268000	-0.00358892
0.00269000	-0.00361643
0.00270000	-0.00364384
0.00271000	-0.00367138
0.00272000	-0.00369858
0.00273000	-0.00372569
0.00274000	-0.00375293
0.00275000	-0.00377984
0.00276000	-0.00380665
0.00277000	-0.00371629
0.00278000	-0.00374333
0.00279000	-0.00377028
0.00280000	-0.00379736
0.00281000	-0.00382412
0.00282000	-0.00385079
0.00283000	-0.00387759
0.00284000	-0.00390407
0.00285000	-0.00393046
0.00286000	-0.00384336
0.00287000	-0.00386997
0.00288000	-0.00389649
0.00289000	-0.00392314
0.00290000	-0.00394948
0.00291000	-0.00397574
0.00292000	-0.00400190
0.00293000	-0.00402820
0.00294000	-0.00405420
0.00295000	-0.00396995
0.00296000	-0.00399636
0.00297000	-0.00402248
0.00298000	-0.00404851
0.00299000	-0.00407468
0.00300000	-0.00410055
0.00301000	-0.00412634
0.00302000	-0.00415225
0.00303000	-0.00407061
0.00304000	-0.00409651
0.00305000	-0.00412254
0.00306000	-0.00414828
0.00307000	-0.00417394
0.00308000	-0.00419973
0.00309000	-0.00422524
0.00310000	-0.00425067
0.00311000	-0.00427622
0.00312000	-0.00419732
0.00313000	-0.00422285
0.00314000	-0.00424852
0.00315000	-0.00427390
0.00316000	-0.00429921
0.00317000	-0.00432465
0.00318000	-0.00434981
0.00319000	-0.00437491
0.00320000	-0.00440012
0.00321000	-0.00432380
0.00322000	-0.00434899
0.00323000	-0.00437431
0.00324000	-0.00439936
0.00325000	-0.00442434
0.00326000	-0.00444945
0.00327000	-0.00447429
0.00328000	-0.00449906
0.00329000	-0.00452396
0.00330000	-0.00445008
0.00331000	-0.00447495
0.00332000	-0.00449994
0.00333000	-0.00452467
0.00334000	-0.00454934
0.00335000	-0.00457413
0.00336000	-0.00459867
0.00337000	-0.00462314
0.00338000	-0.00455154
0.00339000	-0.00457617
0.00340000	-0.00460073
0.00341000	-0.00462542
0.00342000	-0.00464985
0.00343000	-0.00467422
0.00344000	-0.00469872
0.00345000	-0.00472297
0.00346000	-0.00474715
0.00347000	-0.00467757
0.00348000	-0.00470209
0.00349000	-0.00472636
0.00350000	-0.00475057
0.00351000	-0.00477490
0.00352000	-0.00479900
0.00353000	-0.00482303
0.00354000	-0.00484718
0.00355000	-0.00487110
0.00356000	-0.00480361
0.00357000	-0.00482784
0.00358000	-0.00485184
0.00359000	-0.00487578
0.00360000	-0.00489984
0.00361000	-0.00492367
0.00362000	-0.00494744
0.00363000	-0.00497133
0.00364000	-0.00499499
0.00365000	-0.00492949
0.00366000	-0.00495346
0.00367000	-0.00497719
0.00368000	-0.00500087
0.00369000	-0.00502468
0.00370000	-0.00504825
0.00371000	-0.00507177
0.00372000	-0.00509541
0.00373000	-0.00511882
0.00374000	-0.00505522
0.00375000	-0.00507893
0.00376000	-0.00510242
0.00377000	-0.00512586
0.00378000	-0.00514941
0.00379000	-0.00517274
0.00380000	-0.00519603
0.00381000	-0.00521943
0.00382000	-0.00515746
0.00383000	-0.00518081
0.00384000	-0.00520428
0.00385000	-0.00522753
0.00386000	-0.00525074
0.00387000	-0.00527406
0.00388000	-0.00529716
0.00389000	-0.00532022
0.00390000	-0.00534339
0.00391000	-0.00528315
0.00392000	-0.00530627
0.00393000	-0.00532935
0.00394000	-0.00535238
0.00395000	-0.00537568
0.00396000	-0.00539862
0.00397000	-0.00542150
0.00398000	-0.00544434
0.00399000	-0.00546714
0.00400000	-0.00540855
0.00401000	-0.00543178
0.00402000	-0.00545464
0.00403000	-0.00547745
0.00404000	-0.00550022
0.00405000	-0.00552294
0.00406000	-0.00554562
0.00407000	-0.00556857
0.00408000	-0.00559116
0.00409000	-0.00553415
0.00410000	-0.00555685
0.00411000	-0.00557950
0.00412000	-0.00560211
0.00413000	-0.00562499
0.00414000	-0.00564751
0.00415000	-0.00566999
0.00416000	-0.00569243
0.00417000	-0.00563679
0.00418000	-0.00565933
0.00419000	-0.00568213
0.00420000	-0.00570459
0.00421000	-0.00572700
0.00422000	-0.00574937
0.00423000	-0.00577171
0.00424000	-0.00579400
0.00425000	-0.00581625
0.00426000	-0.00576236
0.00427000	-0.00578471
0.00428000	-0.00580702
0.00429000	-0.00582928
0.00430000	-0.00585151
0.00431000	-0.00587370
0.00432000	-0.00589614
0.00433000	-0.00591825
0.00434000	-0.00594031
0.00435000	-0.00588753
0.00436000	-0.00590969
0.00437000	-0.00593182
0.00438000	-0.00595419
0.00439000	-0.00597624
0.00440000	-0.00599825
0.00441000	-0.00602022
0.00442000	-0.00604215
0.00443000	-0.00606405
0.00444000	-0.00601289
0.00445000	-0.00603487
0.00446000	-0.00605682
0.00447000	-0.00607873
0.00448000	-0.00610061
0.00449000	-0.00612245
0.00450000	-0.00614453
0.00451000	-0.00616630
0.00452000	-0.00618803
0.00453000	-0.00613787
0.00454000	-0.00615968
0.00455000	-0.00618146
0.00456000	-0.00620349
0.00457000	-0.00622520
0.00458000	-0.00624687
0.00459000	-0.00626851
0.00460000	-0.00629012
0.00461000	-0.00624107
0.00462000	-0.00626304
0.00463000	-0.00628469
0.00464000	-0.00630631
0.00465000	-0.00632790
0.00466000	-0.00634945
0.00467000	-0.00637097
0.00468000	-0.00639272
0.00469000	-0.00641418
0.00470000	-0.00636632
0.00471000	-0.00638785
0.00472000	-0.00640935
0.00473000	-0.00643082
0.00474000	-0.00645252
0.00475000	-0.00647392
0.00476000	-0.00649528
0.00477000	-0.00651662
0.00478000	-0.00653792
0.00479000	-0.00649122
0.00480000	-0.00651260
0.00481000	-0.00653421
0.00482000	-0.00655553
0.00483000	-0.00657681
0.00484000	-0.00659807
0.00485000	-0.00661929
0.00486000	-0.00664048
0.00487000	-0.00666190
0.00488000	-0.00661630
0.00489000	-0.00663754
0.00490000	-0.00665874
0.00491000	-0.00667991
0.00492000	-0.00670106
0.00493000	-0.00672243
0.00494000	-0.00674351
0.00495000	-0.00676456
0.00496000	-0.00671993
0.00497000	-0.00674105
0.00498000	-0.00676215
0.00499000	-0.00678347
0.00500000	-0.00680450
0.00501000	-0.00682551
0.00502000	-0.00684648
0.00503000	-0.00686743
0.00504000	-0.00688835
0.00505000	-0.00684500
0.00506000	-0.00686599
0.00507000	-0.00688695
0.00508000	-0.00690788
0.00509000	-0.00692878
0.00510000	-0.00694965
0.00511000	-0.00697075
0.00512000	-0.00699157
0.00513000	-0.00701236
0.00514000	-0.00696975
0.00515000	-0.00699061
0.00516000	-0.00701144
0.00517000	-0.00703248
0.00518000	-0.00705326
0.00519000	-0.00707401
0.00520000	-0.00709473
0.00521000	-0.00711542
0.00522000	-0.00713608
0.00523000	-0.00709468
0.00524000	-0.00711541
0.00525000	-0.00713612
0.00526000	-0.00715679
0.00527000	-0.00717745
0.00528000	-0.00719807
0.00529000	-0.00721891
0.00530000	-0.00723948
0.00531000	-0.00726003
0.00532000	-0.00721931
0.00533000	-0.00723992
0.00534000	-0.00726050
0.00535000	-0.00728106
0.00536000	-0.00730183
0.00537000	-0.00732233
0.00538000	-0.00734281
0.00539000	-0.00736327
0.00540000	-0.00732337
0.00541000	-0.00734388
0.00542000	-0.00736461
0.00543000	-0.00738507
0.00544000	-0.00740551
0.00545000	-0.00742593
0.00546000	-0.00744632
0.00547000	-0.00746669
0.00548000	-0.00748726
0.00549000	-0.00744823
0.00550000	-0.00746863
0.00551000	-0.00748901
0.00552000	-0.00750936
0.00553000	-0.00752969
0.00554000	-0.00755023
0.00555000	-0.00757051
0.00556000	-0.00759077
0.00557000	-0.00761100
0.00558000	-0.00757281
0.00559000	-0.00759310
0.00560000	-0.00761360
0.00561000	-0.00763384
0.00562000	-0.00765406
0.00563000	-0.00767426
0.00564000	-0.00769443
0.00565000	-0.00771458
0.00566000	-0.00773494
0.00567000	-0.00769757
0.00568000	-0.00771775
0.00569000	-0.00773791
0.00570000	-0.00775805
0.00571000	-0.00777816
0.00572000	-0.00779848
0.00573000	-0.00781855
0.00574000	-0.00783860
0.00575000	-0.00780194
0.00576000	-0.00782204
0.00577000	-0.00784212
0.00578000	-0.00786240
0.00579000	-0.00788244
0.00580000	-0.00790245
0.00581000	-0.00792244
0.00582000	-0.00794241
0.00583000	-0.00796236
0.00584000	-0.00792648
0.00585000	-0.00794670
0.00586000	-0.00796667
0.00587000	-0.00798663
0.00588000	-0.00800657
0.00589000	-0.00802649
0.00590000	-0.00804638
0.00591000	-0.00806647
0.00592000	-0.00808632
0.00593000	-0.00805118
0.00594000	-0.00807108
0.00595000	-0.00809097
0.00596000	-0.00811083
0.00597000	-0.00813088
0.00598000	-0.00815070
0.00599000	-0.00817050
0.00600000	-0.00819028
0.00601000	-0.00821004
0.00602000	-0.00817563
0.00603000	-0.00819565
0.00604000	-0.00821543
0.00605000	-0.00823520
0.00606000	-0.00825495
0.00607000	-0.00827468
0.00608000	-0.00829438
0.00609000	-0.00831428
0.00610000	-0.00833395
0.00611000	-0.00830024
0.00612000	-0.00831995
0.00613000	-0.00833965
0.00614000	-0.00835933
0.00615000	-0.00837919
0.00616000	-0.00839883
0.00617000	-0.00841845
0.00618000	-0.00843805
0.00619000	-0.00840495
0.00620000	-0.00842460
0.00621000	-0.00844443
0.00622000	-0.00846404
0.00623000	-0.00848363
0.00624000	-0.00850320
0.00625000	-0.00852275
0.00626000	-0.00854228
0.00627000	-0.00856200
0.00628000	-0.00852957
0.00629000	-0.00854913
0.00630000	-0.00856867
0.00631000	-0.00858819
0.00632000	-0.00860769
0.00633000	-0.00862738
0.00634000	-0.00864685
0.00635000	-0.00866629
0.00636000	-0.00868572
0.00637000	-0.00865394
0.00638000	-0.00867342
0.00639000	-0.00869287
0.00640000	-0.00871251
0.00641000	-0.00873193
0.00642000	-0.00875133
0.00643000	-0.00877072
0.00644000	-0.00879009
0.00645000	-0.00880943
0.00646000	-0.00877848
0.00647000	-0.00879787
0.00648000	-0.00881724
0.00649000	-0.00883660
0.00650000	-0.00885594
0.00651000	-0.00887526
0.00652000	-0.00889476
0.00653000	-0.00891405
0.00654000	-0.00888345
0.00655000	-0.00890278
0.00656000	-0.00892209
0.00657000	-0.00894139
0.00658000	-0.00896086
0.00659000	-0.00898012
0.00660000	-0.00899936
0.00661000	-0.00901859
0.00662000	-0.00903780
0.00663000	-0.00900780
0.00664000	-0.00902724
0.00665000	-0.00904648
0.00666000	-0.00906569
0.00667000	-0.00908490
0.00668000	-0.00910408
0.00669000	-0.00912325
0.00670000	-0.00914259
0.00671000	-0.00916173
0.00672000	-0.00913230
0.00673000	-0.00915148
0.00674000	-0.00917064
0.00675000	-0.00918978
0.00676000	-0.00920910
0.00677000	-0.00922821
0.00678000	-0.00924730
0.00679000	-0.00926638
0.00680000	-0.00928545
0.00681000	-0.00925658
0.00682000	-0.00927587
0.00683000	-0.00929496
0.00684000	-0.00931403
0.00685000	-0.00933308
0.00686000	-0.00935212
0.00687000	-0.00937115
0.00688000	-0.00939034
0.00689000	-0.00940933
0.00690000	-0.00938102
0.00691000	-0.00940005
0.00692000	-0.00941907
0.00693000	-0.00943807
0.00694000	-0.00945705
0.00695000	-0.00947620
0.00696000	-0.00949516
0.00697000	-0.00951410
0.00698000	-0.00948627
0.00699000	-0.00950525
0.00700000	-0.00952421
0.00701000	-0.00954333
0.00702000	-0.00956226
0.00703000	-0.00958118
0.00704000	-0.00960008
0.00705000	-0.00961897
0.00706000	-0.00963784
0.00707000	-0.00961072
0.00708000	-0.00962962
0.00709000	-0.00964851
0.00710000	-0.00966739
0.00711000	-0.00968626
0.00712000	-0.00970510
0.00713000	-0.00972412
0.00714000	-0.00974294
0.00715000	-0.00976174
0.00716000	-0.00973495
0.00717000	-0.00975379
0.00718000	-0.00977262
0.00719000	-0.00979161
0.00720000	-0.00981040
0.00721000	-0.00982919
0.00722000	-0.00984796
0.00723000	-0.00986671
0.00724000	-0.00988546
0.00725000	-0.00985934
0.00726000	-0.00987811
0.00727000	-0.00989688
0.00728000	-0.00991562
0.00729000	-0.00993436
0.00730000	-0.00995308
0.00731000	-0.00997196
0.00732000	-0.00999065
0.00733000	-0.00996480
0.00734000	-0.00998352
0.00735000	-0.01000223
0.00736000	-0.01002093
0.00737000	-0.01003979
0.00738000	-0.01005846
0.00739000	-0.01007712
0.00740000	-0.01009577
0.00741000	-0.01011440
0.00742000	-0.01008902
0.00743000	-0.01010768
0.00744000	-0.01012651
0.00745000	-0.01014514
0.00746000	-0.01016377
0.00747000	-0.01018238
0.00748000	-0.01020098
0.00749000	-0.01021956
0.00750000	-0.01023830
0.00751000	-0.01021339
0.00752000	-0.01023199
0.00753000	-0.01025058
0.00754000	-0.01026916
0.00755000	-0.01028773
0.00756000	-0.01030645
0.00757000	-0.01032498
0.00758000	-0.01034351
0.00759000	-0.01036203
0.00760000	-0.01033756
0.00761000	-0.01035611
0.00762000	-0.01037481
0.00763000	-0.01039333
0.00764000	-0.01041183
0.00765000	-0.01043033
0.00766000	-0.01044881
0.00767000	-0.01046728
0.00768000	-0.01048590
0.00769000	-0.01046188
0.00770000	-0.01048037
0.00771000	-0.01049885
0.00772000	-0.01051731
0.00773000	-0.01053576
0.00774000	-0.01055436
0.00775000	-0.01057279
0.00776000	-0.01059120
0.00777000	-0.01056757
0.00778000	-0.01058601
0.00779000	-0.01060445
0.00780000	-0.01062303
0.00781000	-0.01064144
0.00782000	-0.01065983
0.00783000	-0.01067838
0.00784000	-0.01069658
0.00785000	-0.01071511
0.00786000	-0.01069174
0.00787000	-0.01071029
0.00788000	-0.01072850
0.00789000	-0.01074703
0.00790000	-0.01076554
0.00791000	-0.01078372
0.00792000	-0.01080221
0.00793000	-0.01082037
0.00794000	-0.01083884
0.00795000	-0.01081589
0.00796000	-0.01083438
0.00797000	-0.01085286
0.00798000	-0.01087102
0.00799000	-0.01088947
0.00800000	-0.01090760
0.00801000	-0.01092604
0.00802000	-0.01094446
0.00803000	-0.01096256
0.00804000	-0.01094033
0.00805000	-0.01095846
0.00806000	-0.01097688
0.00807000	-0.01099499
0.00808000	-0.01101339
0.00809000	-0.01103179
0.00810000	-0.01104985
0.00811000	-0.01106823
0.00812000	-0.01108627
0.00813000	-0.01106444
0.00814000	-0.01108283
0.00815000	-0.01110089
0.00816000	-0.01111925
0.00817000	-0.01113730
0.00818000	-0.01115564
0.00819000	-0.01117366
0.00820000	-0.01119198
0.00821000	-0.01117049
0.00822000	-0.01118853
0.00823000	-0.01120686
0.00824000	-0.01122488
0.00825000	-0.01124319
0.00826000	-0.01126149
0.00827000	-0.01127948
0.00828000	-0.01129776
0.00829000	-0.01131572
0.00830000	-0.01129461
0.00831000	-0.01131260
0.00832000	-0.01133089
0.00833000	-0.01134916
0.00834000	-0.01136712
0.00835000	-0.01138537
0.00836000	-0.01140331
0.00837000	-0.01142154
0.00838000	-0.01143976
0.00839000	-0.01141872
0.00840000	-0.01143696
0.00841000	-0.01145490
0.00842000	-0.01147312
0.00843000	-0.01149103
0.00844000	-0.01150924
0.00845000	-0.01152743
0.00846000	-0.01154531
0.00847000	-0.01156348
0.00848000	-0.01154281
0.00849000	-0.01156101
0.00850000	-0.01157889
0.00851000	-0.01159707
0.00852000	-0.01161523
0.00853000	-0.01163309
0.00854000	-0.01165124
0.00855000	-0.01166908
0.00856000	-0.01164902
0.00857000	-0.01166718
0.00858000	-0.01168503
0.00859000	-0.01170317
0.00860000	-0.01172100
0.00861000	-0.01173912
0.00862000	-0.01175694
0.00863000	-0.01177504
0.00864000	-0.01179313
0.00865000	-0.01177312
0.00866000	-0.01179124
0.00867000	-0.01180905
0.00868000	-0.01182714
0.00869000	-0.01184522
0.00870000	-0.01186300
0.00871000	-0.01188106
0.00872000	-0.01189883
0.00873000	-0.01191687
0.00874000	-0.01189721
0.00875000	-0.01191528
0.00876000	-0.01193334
0.00877000	-0.01195109
0.00878000	-0.01196913
0.00879000	-0.01198687
0.00880000	-0.01200489
0.00881000	-0.01202290
0.00882000	-0.01204061
0.00883000	-0.01202158
0.00884000	-0.01203931
0.00885000	-0.01205732
0.00886000	-0.01207504
0.00887000	-0.01209303
0.00888000	-0.01211102
0.00889000	-0.01212870
0.00890000	-0.01214667
0.00891000	-0.01212765
0.00892000	-0.01214563
0.00893000	-0.01216361
0.00894000	-0.01218130
0.00895000	-0.01219926
0.00896000	-0.01221692
0.00897000	-0.01223486
0.00898000	-0.01225251
0.00899000	-0.01227043
0.00900000	-0.01225202
0.00901000	-0.01226968
0.00902000	-0.01228761
0.00903000	-0.01230526
0.00904000	-0.01232318
0.00905000	-0.01234080
0.00906000	-0.01235870
0.00907000	-0.01237659
0.00908000	-0.01239419
0.00909000	-0.01237609
0.00910000	-0.01239371
0.00911000	-0.01241161
0.00912000	-0.01242949
0.00913000	-0.01244709
0.00914000	-0.01246495
0.00915000	-0.01248253
0.00916000	-0.01250038
0.00917000	-0.01251794
0.00918000	-0.01250015
0.00919000	-0.01251801
0.00920000	-0.01253559
0.00921000	-0.01255343
0.00922000	-0.01257099
0.00923000	-0.01258882
0.00924000	-0.01260663
0.00925000	-0.01262417
0.00926000	-0.01264197
0.00927000	-0.01262420
0.00928000	-0.01264202
0.00929000	-0.01265956
0.00930000	-0.01267736
0.00931000	-0.01269516
0.00932000	-0.01271267
0.00933000	-0.01273045
0.00934000	-0.01274794
0.00935000	-0.01273072
0.00936000	-0.01274851
0.00937000	-0.01276602
0.00938000	-0.01278379
0.00939000	-0.01280128
0.00940000	-0.01281904
0.00941000	-0.01283652
0.00942000	-0.01285426
0.00943000	-0.01287199
0.00944000	-0.01285479
0.00945000	-0.01287254
0.00946000	-0.01289001
0.00947000	-0.01290774
0.00948000	-0.01292547
0.00949000	-0.01294292
0.00950000	-0.01296062
0.00951000	-0.01297806
0.00952000	-0.01299575
0.00953000	-0.01297884
0.00954000	-0.01299655
0.00955000	-0.01301425
0.00956000	-0.01303168
0.00957000	-0.01304937
0.00958000	-0.01306678
0.00959000	-0.01308446
0.00960000	-0.01310185
0.00961000	-0.01311951
0.00962000	-0.01310315
0.00963000	-0.01312056
0.00964000	-0.01313822
0.00965000	-0.01315562
0.00966000	-0.01317327
0.00967000	-0.01319091
0.00968000	-0.01320828
0.00969000	-0.01322591
0.00970000	-0.01324326
0.00971000	-0.01322718
0.00972000	-0.01324455
0.00973000	-0.01326218
0.00974000	-0.01327980
0.00975000	-0.01329716
0.00976000	-0.01331476
0.00977000	-0.01333210
0.00978000	-0.01334969
0.00979000	-0.01333385
0.00980000	-0.01335120
0.00981000	-0.01336880
0.00982000	-0.01338613
0.00983000	-0.01340372
0.00984000	-0.01342104
0.00985000	-0.01343861
0.00986000	-0.01345617
0.00987000	-0.01347347
0.00988000	-0.01345790
0.00989000	-0.01347521
0.00990000	-0.01349278
0.00991000	-0.01351034
0.00992000	-0.01352763
0.00993000	-0.01354517
0.00994000	-0.01356245
0.00995000	-0.01357998
0.00996000	-0.01359725
0.00997000	-0.01358193
0.00998000	-0.01359947
0.00999000	-0.01361675
0.01000000	-0.01363427
